 FR1735138368 	56 	VIBRAYE 	8368 	7 	9 	14,2 		45,2 	40,9 		488 	22/01/2013 	0 	0 	0 	0 	0
FR1735138466 	56 	ALSACE 	8466 	5 							  	25/11/2012 	0 	0 	0 	0 	0
FR1735138492 	56 	BRIVE 	8492 	5 	8 	16 		49,6 	42,9 		274 	04/02/2013 	0 	0 	0 	0 	0
FR1735138508 	56 	BULGARIE 	8508 	6 	2 	29,2 	+ 	39,6 	38 		839 	02/09/2013 	0 	0 	0 	0 	0
FR1735138536 	56 	CYSTEINE 	8536 	5 	3 	27,4 		40,1 	33,8 		67 	22/07/2013 	0 	0 	0 	0 	0
FR1735138555 	56 	CATHEDRALE 	8555 	5 							  	30/10/2013 	0 	0 	0 	0 	0
FR1735138561 	56 	CORDOUE 	8561 	5 							  	04/11/2013 	0 	0 	0 	0 	0
FR1735138572 	56 	CORALIE 	8572 	4 	3 	24,6 		43,3 	39,1 		196 	06/08/2013 	0 	0 	0 	0 	0
FR1735138580 	56 	CAULERPA 	8580 	4 	2 	29,8 		44,1 	37,6 		31 	17/09/2013 	0 	0 	0 	0 	0
FR1735138582 	56 	CHALOSSE 	8582 	4 	9 	17,4 		47,3 	38,2 		108 	13/01/2013 	0 	0 	0 	0 	0
FR1735138587 	56 	CLAQUETTE 	8587 	4 	7 	19,6 		40,3 	36,9 		133 	05/03/2013 	0 	0 	0 	0 	0
FR1735138599 	56 	CONCHITA 	8599 	3 	8 	11,4 		41,5 	41,6 		438 	07/02/2013 	0 	0 	0 	0 	0
FR1735138606 	56 	DEBBIE 	8606 	3 	9 	21,2 		42,1 	35,4 		188 	27/01/2013 	0 	0 	0 	0 	0
FR1735138621 	56 	DALLAS 	8621 	3 	1 	30,4 		33 	43 		1673 	27/10/2013 	0 	0 	0 	0 	0
FR1735138629 	56 	DOROTHEE 	8629 	3 	8 	16,2 		42,6 	38,3 		311 	23/02/2013 	0 	0 	0 	0 	0
FR1735138630 	56 	DEBACLE 	8630 	3 	1 	28 		47,5 	34,1 		62 	14/10/2013 	0 	0 	0 	0 	0
FR1735138637 	56 	DOUCEUR 	8637 	3 	7 	18 		48,9 	39,4 		183 	05/03/2013 	0 	0 	0 	0 	0
FR1735138641 	56 	DEXTROSE 	8641 	3 	3 	26 		45,3 	37,7 		186 	22/07/2013 	0 	0 	0 	0 	0
FR1735138643 	56 	DEAUVILLE 	8643 	3 	5 	17,2 		47,4 	40,7 		506 	06/05/2013 	0 	0 	0 	0 	0
FR1735138648 	56 	DUCHESSE 	8648 	3 	7 	20,2 	+ 	43,8 	39,2 		843 	16/03/2013 	0 	0 	0 	0 	0
FR1735138652 	56 	DROME 	8652 	3 	6 	16,8 		44,8 	37,3 		172 	14/04/2013 	0 	0 	0 	0 	0
FR1735138656 	56 	DORA 	8656 	3 	7 	16,2 		41,8 	39,6 		188 	12/03/2013 	0 	0 	0 	0 	0 
FR1735138657 	56 	DJELLABA 	8657 	3 	6 	14,6 	+ 	46,3 	36,6 		356 	03/04/2013 	0 	0 	0 	0 	0
FR1735138662 	56 	DOUMA 	8662 	3 	2 	28,6 		41,6 	34,6 		101 	28/08/2013 	0 	0 	0 	0 	0
FR1735138664 	56 	EUROPE 	8664 	2 	12 	15,4 		54,8 	44,3 		285 	26/09/2012 	0 	0 	0 	0 	0
FR1735138666 	56 	EPOPEE 	8666 	3 	2 	29 		41,5 	31,3 		69 	09/09/2013 	0 	0 	0 	0 	0
FR1735138670 	56 	EMILIE 	8670 	3 	1 	25,8 		36,6 	37,1 		390 	26/09/2013 	0 	0 	0 	0 	0
FR1735138674 	56 	ENIMIE 	8674 	2 							  	06/11/2012 	0 	0 	0 	0 	0
FR1735138676 	56 	EVE 	8676 	2 	10 						  	07/12/2012 	0 	0 	0 	0 	0
FR1735138687 	56 	EVA 	8687 	2 	7 	20,2 		45,1 	38,9 		122 	25/03/2013 	0 	0 	0 	0 	0
FR1735138689 	56 	ESSENCE 	8689 	1 	12 						  	03/10/2012 	0 	0 	0 	0 	0
FR1735138690 	56 	ESTANCIA 	8690 	3 	1 	27,4 		50,6 	35,4 		78 	13/10/2013 	0 	0 	0 	0 	0
FR1735138692 	56 	ELECTRA 	8692 	2 	9 	10,6 		53,4 	43,6 		78 	04/01/2013 	0 	0 	0 	0 	0
FR1735138701 	56 	ELIANE 	8701 	2 	8 	18,6 		46,1 	35,7 		118 	07/02/2013 	0 	0 	0 	0 	0
FR1735138709 	56 	ESTONIE 	8709 	2 	1 	30,4 		41,1 	34,7 		27 	28/09/2013 	0 	0 	0 	0 	0
FR1735138728 	56 	FIUME 	8728 	2 	1 	28 		41,8 	32,9 		44 	14/10/2013 	0 	0 	0 	0 	0
FR1735138741 	56 	FATMA 	8741 	2 	1 	24 		45,1 	35,2 		131 	05/10/2013 	0 	0 	0 	0 	0
FR1735138745 	56 	FABIOLA 	8745 	2 	2 	26 	+ 	39,2 	35,8 		30 	07/09/2013 	0 	0 	0 	0 	0
FR1735138748 	56 	FRIVOLE 	8748 	1 	10 	13 		55,2 	42,9 		143 	08/12/2012 	0 	0 	0 	0 	0
FR1735138749 	56 	FOURMI 	8749 	1 	10 	20,6 		40,4 	37,3 		125 	02/12/2012 	0 	0 	0 	0 	0
FR1735138753 	56 	FILANTE 	8753 	1 	3 	21,2 		38,4 	35,9 		67 	29/07/2013 	0 	0 	0 	0 	0
FR1735138759 	56 	FIFI 	8759 	1 							  	13/12/2012 	0 	0 	0 	0 	0
FR1735138762 	56 	FREGATE 	8762 	1 							  	10/12/2012 	0 	0 	0 	0 	0
FR1735138763 	56 	FIDJI 	8763 	1 	9 						  	10/01/2013 	0 	0 	0 	0 	0 
FR1735138766 	56 	FLECHE 	8766 	1 	10 	14,8 		50 	41,7 		114 	21/12/2012 	0 	0 	0 	0 	0
FR1735138768 	56 	FOGGIA 	8768 	1 	9 	17 		48,5 	39 		50 	05/01/2013 	0 	0 	0 	0 	0
FR1735138771 	56 	FAUVETTE 	8771 	2 							  	10/10/2013 	0 	0 	0 	0 	0
FR1735138776 	56 	FRILEUSE 	8776 	1 	9 	17,2 		45,9 	38,1 		60 	25/01/2013 	0 	0 	0 	0 	0
FR1735138777 	56 	FIERTE 	8777 	1 	9 	9,4 		46,9 	38,3 		128 	18/01/2013 	0 	0 	0 	0 	0
FR1735138778 	56 	FLUVIALE 	8778 	1 	9 	16 		50 	36,9 		91 	19/01/2013 	0 	0 	0 	0 	0
FR1735138780 	56 	GEORGIE 	8780 	1 	9 	13,8 		47,3 	34,9 		68 	22/01/2013 	0 	0 	0 	0 	0
FR1735138781 	56 	GUIMAUVE 	8781 	1 	9 	14 		51,5 	35,2 		28 	27/01/2013 	0 	0 	0 	0 	0
FR1735138783 	56 	GUIPURE 	8783 	1 	8 	16,2 		46,5 	34,5 		178 	14/02/2013 	0 	0 	0 	0 	0
FR1735138788 	56 	GERMANIE 	8788 	1 	1 	18,6 		43,1 	35 		93 	13/09/2013 	0 	0 	0 	0 	0
FR1735138790 	56 	GRAVURE 	8790 	1 							  	20/10/2013 	0 	0 	0 	0 	0
FR1735138801 	56 	GROZNYI 	8801 	1 	1 	31,8 		36,3 	30,9 		80 	30/09/2013 	0 	0 	0 	0 	0
FR1735138808 	56 	GRIVE 	8808 	1 	1 	25,4 		38,8 	36,9 		53 	23/10/2013 	0 	0 	0 	0 	0 