FR1735138368 	56 	VIBRAYE 	8368 	0 							  		0 	0 	0 	0 	0
FR1735138466 	56 	ALSACE 	8466 	6 	2 	35,8 	+ 	40,5 	31,7 	M 	1381 	20/11/2013 	44 	1528 	42,4 	34,7 	1682
FR1735138492 	56 	BRIVE 	8492 	0 							  		0 	0 	0 	0 	0
FR1735138508 	56 	BULGARIE 	8508 	6 	4 	24,8 		40,1 	41,1 	M 	550 	02/09/2013 	123 	3436 	41,1 	37,6 	3862
FR1735138536 	56 	CYSTEINE 	8536 	5 	5 	24,8 		40,8 	34,9 	S 	165 	22/07/2013 	165 	4624 	40,2 	31,6 	4744
FR1735138555 	56 	CATHEDRALE 	8555 	5 	2 	26,4 	- 	32,9 	38,7 	D 	455 	30/10/2013 	65 	2140 	38,8 	33,2 	2201
FR1735138561 	56 	CORDOUE 	8561 	5 	2 	37,8 	- 	44,7 	30,7 	S 	237 	04/11/2013 	60 	2596 	44,9 	32 	2852
FR1735138572 	56 	CORALIE 	8572 	4 	5 	20,6 		42,9 	38,1 	D 	473 	06/08/2013 	150 	3541 	42,1 	37,9 	4051
FR1735138580 	56 	CAULERPA 	8580 	4 	4 	25,8 		41,4 	37,4 	S 	47 	17/09/2013 	108 	3086 	45,6 	37,7 	3670
FR1735138582 	56 	CHALOSSE 	8582 	5 							  	01/01/2014 	0 	0 	0 	0 	0
FR1735138587 	56 	CLAQUETTE 	8587 	4 	9 					S 	  	05/03/2013 	289 	7114 	37,5 	32,1 	7078
FR1735138599 	56 	CONCHITA 	8599 	3 						M 	  	07/02/2013 	285 	5987 	33,9 	33,3 	5750
FR1735138606 	56 	DEBBIE 	8606 	3 	11 	18 		44,7 	35,6 	D 	170 	27/01/2013 	341 	8353 	37,7 	32 	8320
FR1735138621 	56 	DALLAS 	8621 	3 	3 	29,8 		38,8 	35,5 	D 	33 	27/10/2013 	68 	2129 	38 	38,6 	2331
FR1735138629 	56 	DOROTHEE 	8629 	3 	10 					D 	  	23/02/2013 	299 	6622 	40,3 	33,3 	6968
FR1735138630 	56 	DEBACLE 	8630 	3 	3 	30,6 		42,4 	34,7 	D 	516 	14/10/2013 	81 	2441 	45 	33,9 	2752
FR1735138637 	56 	DOUCEUR 	8637 	3 	9 	15 		43,4 	39,2 	D 	291 	05/03/2013 	304 	7215 	39,7 	33,1 	7494
FR1735138641 	56 	DEXTROSE 	8641 	3 	5 	23,8 		45 	38,2 	S 	258 	22/07/2013 	165 	4178 	42,6 	34,9 	4625
FR1735138643 	56 	DEAUVILLE 	8643 	0 							  		0 	0 	0 	0 	0
FR1735138648 	56 	DUCHESSE 	8648 	3 	9 	18,2 		46,3 	39 	M 	131 	16/03/2013 	293 	6768 	39,6 	34,6 	7177
FR1735138652 	56 	DROME 	8652 	0 							  		0 	0 	0 	0 	0
FR1735138656 	56 	DORA 	8656 	0 							  		0 	0 	0 	0 	0 
FR1735138657 	56 	DJELLABA 	8657 	0 							  		0 	0 	0 	0 	0
FR1735138662 	56 	DOUMA 	8662 	3 	4 	24,4 		37 	36,7 	D 	541 	28/08/2013 	128 	3537 	40,9 	35,1 	3840
FR1735138664 	56 	EUROPE 	8664 	2 	14 					M 	  	26/09/2012 	449 	8828 	44,8 	36,6 	10274
FR1735138666 	56 	EPOPEE 	8666 	3 	4 	26,4 		39,2 	35,2 	S 	158 	09/09/2013 	116 	3339 	38,8 	33,5 	3450
FR1735138670 	56 	EMILIE 	8670 	3 	3 	21 		36,3 	35,4 	M 	2986 	26/09/2013 	99 	2349 	36,4 	36,8 	2457
FR1735138674 	56 	ENIMIE 	8674 	3 	1 	36 		30,2 	28 		293 	29/11/2013 	35 	1260 	30,2 	28 	1047
FR1735138676 	56 	EVE 	8676 	3 							  	01/01/2014 	0 	0 	0 	0 	0
FR1735138687 	56 	EVA 	8687 	2 	9 	19,2 		45,4 	39,9 	S 	128 	25/03/2013 	284 	6546 	42,1 	35,9 	7287
FR1735138689 	56 	ESSENCE 	8689 	2 	1 	31,6 		36,8 	34,9 		61 	22/12/2013 	12 	379 	36,8 	34,9 	388
FR1735138690 	56 	ESTANCIA 	8690 	3 	3 	28,2 	+ 	47,4 	34 	S 	86 	13/10/2013 	82 	2235 	49,2 	35 	2687
FR1735138692 	56 	ELECTRA 	8692 	2 						S 	  	04/01/2013 	319 	5240 	41,2 	34,5 	5664
FR1735138701 	56 	ELIANE 	8701 	2 	10 	14,6 		46,9 	37,8 	S 	171 	07/02/2013 	330 	7370 	38,2 	32,2 	7412
FR1735138709 	56 	ESTONIE 	8709 	2 	3 	27 		39,4 	36,2 	S 	20 	28/09/2013 	97 	2805 	41 	35,5 	3064
FR1735138728 	56 	FIUME 	8728 	2 	3 	22,4 		39 	33,3 	S 	127 	14/10/2013 	81 	2081 	40,9 	33 	2195
FR1735138741 	56 	FATMA 	8741 	2 	3 	27 		36,7 	33,9 	D 	343 	05/10/2013 	90 	2339 	41,8 	34,2 	2541
FR1735138745 	56 	FABIOLA 	8745 	2 	4 	21,6 		45,7 	36,5 	S 	55 	07/09/2013 	118 	2793 	40,4 	36,1 	3051
FR1735138748 	56 	FRIVOLE 	8748 	1 						S 	  	08/12/2012 	346 	5446 	44,1 	35,1 	6155
FR1735138749 	56 	FOURMI 	8749 	1 	12 	17,6 		38,1 	39,1 	S 	182 	02/12/2012 	397 	7946 	37,7 	33,1 	8032
FR1735138753 	56 	FILANTE 	8753 	1 	5 	19,6 	+ 	48,3 	37 	S 	131 	29/07/2013 	158 	3355 	38,2 	34,5 	3482
FR1735138759 	56 	FIFI 	8759 	2 	1 	27 		34,5 	31,2 		50 	29/11/2013 	35 	945 	34,5 	31,2 	887
FR1735138762 	56 	FREGATE 	8762 	2 	1 	32,8 		33,4 	35,5 		39 	03/12/2013 	31 	1017 	33,4 	35,5 	1001
FR1735138763 	56 	FIDJI 	8763 	2 	1 	27,2 		39,5 	36,4 		47 	20/12/2013 	14 	381 	39,5 	36,4 	412 
FR1735138766 	56 	FLECHE 	8766 	1 	12 	10 		53,6 	42,5 	S 	212 	21/12/2012 	378 	5951 	40,1 	34,2 	6317
FR1735138767 	56 	FATIMA 	8767 	1 	2 	26,4 	+ 	47 	35 	S 	173 	16/11/2013 	48 	1247 	47 	37,3 	1501
FR1735138768 	56 	FOGGIA 	8768 	1 	11 	15,2 		49,3 	39 	S 	104 	05/01/2013 	363 	6235 	43 	34,3 	6885
FR1735138769 	56 	FLANDRE 	8769 	1 	1 	21 		45,2 	36 	D 	1389 	20/12/2013 	14 	294 	45,2 	36 	341
FR1735138771 	56 	FAUVETTE 	8771 	2 							  	10/10/2013 	0 	0 	0 	0 	0
FR1735138776 	56 	FRILEUSE 	8776 	1 	11 	15,2 		45,8 	37,7 	S 	96 	25/01/2013 	343 	5722 	39,2 	33,7 	5961
FR1735138777 	56 	FIERTE 	8777 	2 	1 						  	24/11/2013 	0 	0 	0 	0 	0
FR1735138778 	56 	FLUVIALE 	8778 	1 	11 	13,6 		53,7 	37,2 	S 	137 	19/01/2013 	349 	6349 	39,5 	32,2 	6497
FR1735138780 	56 	GEORGIE 	8780 	2 	1 	20,6 		40,4 	38,1 		75 	23/12/2013 	11 	227 	40,4 	38,1 	254
FR1735138781 	56 	GUIMAUVE 	8781 	1 						S 	  	27/01/2013 	296 	4957 	41,4 	32,2 	5218
FR1735138782 	56 	GILDA 	8782 	1 	1 	28,8 		39,1 	31,3 		84 	05/12/2013 	29 	835 	39,1 	31,3 	840
FR1735138783 	56 	GUIPURE 	8783 	1 	10 	16,4 		46,9 	33,6 	S 	107 	14/02/2013 	323 	5772 	38 	29,6 	5580
FR1735138788 	56 	GERMANIE 	8788 	1 	3 	14,8 	- 	43,5 	34,2 	D 	4194 	13/09/2013 	112 	1999 	43,4 	35,5 	2251
FR1735138790 	56 	GRAVURE 	8790 	1 	1 	15,4 		41,3 	34,5 		37 	20/10/2013 	75 	1155 	41,3 	34,5 	1250
FR1735138797 	56 	GLIERE 	8797 	1 	2 	32 	+ 	36,1 	34,3 	S 	29 	19/11/2013 	45 	1367 	40,9 	35,9 	1498
FR1735138801 	56 	GROZNYI 	8801 	1 	3 	26,2 		38,9 	33,9 	S 	210 	30/09/2013 	95 	2904 	37,2 	31,9 	2867
FR1735138804 	56 	GRECE 	8804 	1 	1 	26,4 		33,1 	32,7 		101 	17/12/2013 	17 	449 	33,1 	32,7 	422
FR1735138808 	56 	GRIVE 	8808 	1 	3 	24 	+ 	39,7 	34,8 	S 	50 	23/10/2013 	72 	1655 	38,1 	35,7 	1745
FR1735138811 	56 	GELA 	8811 	1 	2 	21 	+ 	42,4 	35,2 	D 	177 	14/11/2013 	50 	1022 	42,4 	36,7 	1154
FR1735138815 	56 	GARONNE 	8815 	1 	2 	19,4 		35,7 	31,3 	D 	64 	20/11/2013 	44 	854 	38,8 	32,4 	870
FR1735138821 	56 	GALICE 	8821 	1 	2 	23,2 	+ 	35,7 	31,9 	D 	41 	23/11/2013 	41 	893 	35,8 	35,3 	907
FR1735138825 	56 	GUYANNE 	8825 	1 	2 	23,8 		36,2 	33,2 	S 	39 	14/11/2013 	50 	1233 	39,3 	33,8 	1287 
FR1735138833 	56 	GIROFLEE 	8833 	1 	1 	21,6 		34,7 	33,2 	D 	1365 	05/12/2013 	29 	626 	34,7 	33,2 	608 