FR1735138368 	56 	VIBRAYE 	8368 	7 	10 	10,6 		37,1 	41,3 		718 	22/01/2013 	0 	0 	0 	0 	0
FR1735138466 	56 	ALSACE 	8466 	6 	1 	34,2 		43,4 	36,2 		3636 	20/11/2013 	0 	0 	0 	0 	0
FR1735138492 	56 	BRIVE 	8492 	5 	9 	12,4 		51,1 	46,4 		532 	04/02/2013 	0 	0 	0 	0 	0
FR1735138508 	56 	BULGARIE 	8508 	6 	3 	26,4 		45 	40,8 		1208 	02/09/2013 	0 	0 	0 	0 	0
FR1735138536 	56 	CYSTEINE 	8536 	5 	4 	26 		40,8 	35,4 		155 	22/07/2013 	0 	0 	0 	0 	0
FR1735138555 	56 	CATHEDRALE 	8555 	5 	1 	34,8 		40,1 	32 		76 	30/10/2013 	0 	0 	0 	0 	0
FR1735138561 	56 	CORDOUE 	8561 	5 	1 	45 		44,9 	32,4 		79 	04/11/2013 	0 	0 	0 	0 	0
FR1735138572 	56 	CORALIE 	8572 	4 	4 	23,8 		45 	40,1 		397 	06/08/2013 	0 	0 	0 	0 	0
FR1735138580 	56 	CAULERPA 	8580 	4 	3 	26,6 		50 	40 		19 	17/09/2013 	0 	0 	0 	0 	0
FR1735138582 	56 	CHALOSSE 	8582 	4 	10 						  	13/01/2013 	0 	0 	0 	0 	0
FR1735138587 	56 	CLAQUETTE 	8587 	4 	8 	14,8 		48,7 	39,2 		267 	05/03/2013 	0 	0 	0 	0 	0
FR1735138599 	56 	CONCHITA 	8599 	3 	9 						  	07/02/2013 	0 	0 	0 	0 	0
FR1735138606 	56 	DEBBIE 	8606 	3 	10 	20,6 		47,6 	37,6 		399 	27/01/2013 	0 	0 	0 	0 	0
FR1735138621 	56 	DALLAS 	8621 	3 	2 	32,8 	+ 	41,5 	36,7 		88 	27/10/2013 	0 	0 	0 	0 	0
FR1735138629 	56 	DOROTHEE 	8629 	3 	9 	12 		47,2 	42 		383 	23/02/2013 	0 	0 	0 	0 	0
FR1735138630 	56 	DEBACLE 	8630 	3 	2 	32,6 	+ 	43,5 	33,4 		51 	14/10/2013 	0 	0 	0 	0 	0
FR1735138637 	56 	DOUCEUR 	8637 	3 	8 	15,6 		45,8 	39,1 		305 	05/03/2013 	0 	0 	0 	0 	0
FR1735138641 	56 	DEXTROSE 	8641 	3 	4 	24,6 		45,5 	39,1 		259 	22/07/2013 	0 	0 	0 	0 	0
FR1735138643 	56 	DEAUVILLE 	8643 	3 	6 	13,8 	- 	59,6 	42,4 		507 	06/05/2013 	0 	0 	0 	0 	0
FR1735138648 	56 	DUCHESSE 	8648 	3 	8 	18,2 		50,9 	41,6 		451 	16/03/2013 	0 	0 	0 	0 	0
FR1735138652 	56 	DROME 	8652 	3 	7 	11,6 	- 	46,4 	39,9 		244 	14/04/2013 	0 	0 	0 	0 	0
FR1735138656 	56 	DORA 	8656 	3 	8 	10,8 		52,2 	41,7 		348 	12/03/2013 	0 	0 	0 	0 	0 
FR1735138657 	56 	DJELLABA 	8657 	3 	7 	14,4 		49 	41,8 		404 	03/04/2013 	0 	0 	0 	0 	0
FR1735138662 	56 	DOUMA 	8662 	3 	3 	25,4 		42,1 	37,7 		108 	28/08/2013 	0 	0 	0 	0 	0
FR1735138664 	56 	EUROPE 	8664 	2 	13 	12,6 		59,7 	48,9 		555 	26/09/2012 	0 	0 	0 	0 	0
FR1735138666 	56 	EPOPEE 	8666 	3 	3 	28,6 		38,7 	37 		128 	09/09/2013 	0 	0 	0 	0 	0
FR1735138670 	56 	EMILIE 	8670 	3 	2 	21,2 	- 	36 	37 		5075 	26/09/2013 	0 	0 	0 	0 	0
FR1735138674 	56 	ENIMIE 	8674 	3 							  	29/11/2013 	0 	0 	0 	0 	0
FR1735138676 	56 	EVE 	8676 	2 							  	07/12/2012 	0 	0 	0 	0 	0
FR1735138687 	56 	EVA 	8687 	2 	8 	18,4 		49,2 	43,1 		119 	25/03/2013 	0 	0 	0 	0 	0
FR1735138689 	56 	ESSENCE 	8689 	1 							  	03/10/2012 	0 	0 	0 	0 	0
FR1735138690 	56 	ESTANCIA 	8690 	3 	2 	26,6 		48,3 	34,9 		70 	13/10/2013 	0 	0 	0 	0 	0
FR1735138692 	56 	ELECTRA 	8692 	2 	10 						  	04/01/2013 	0 	0 	0 	0 	0
FR1735138701 	56 	ELIANE 	8701 	2 	9 	18 		50,7 	39,4 		171 	07/02/2013 	0 	0 	0 	0 	0
FR1735138709 	56 	ESTONIE 	8709 	2 	2 	27,2 		41,6 	36,6 		27 	28/09/2013 	0 	0 	0 	0 	0
FR1735138728 	56 	FIUME 	8728 	2 	2 	24,4 		40,4 	33 		51 	14/10/2013 	0 	0 	0 	0 	0
FR1735138741 	56 	FATMA 	8741 	2 	2 	28,6 	+ 	39,9 	33,1 		240 	05/10/2013 	0 	0 	0 	0 	0
FR1735138745 	56 	FABIOLA 	8745 	2 	3 	22 	- 	41,1 	37,7 		41 	07/09/2013 	0 	0 	0 	0 	0
FR1735138748 	56 	FRIVOLE 	8748 	1 	11 						  	08/12/2012 	0 	0 	0 	0 	0
FR1735138749 	56 	FOURMI 	8749 	1 	11 	20,2 		40,1 	38,8 		120 	02/12/2012 	0 	0 	0 	0 	0
FR1735138753 	56 	FILANTE 	8753 	1 	4 	19,4 		30,4 	38,9 		74 	29/07/2013 	0 	0 	0 	0 	0
FR1735138759 	56 	FIFI 	8759 	2 							  	29/11/2013 	0 	0 	0 	0 	0
FR1735138762 	56 	FREGATE 	8762 	2 							  	03/12/2013 	0 	0 	0 	0 	0
FR1735138763 	56 	FIDJI 	8763 	1 							  	10/01/2013 	0 	0 	0 	0 	0 
FR1735138766 	56 	FLECHE 	8766 	1 	11 	11,8 		52,8 	42,7 		157 	21/12/2012 	0 	0 	0 	0 	0
FR1735138767 	56 	FATIMA 	8767 	1 	1 	25,8 		47 	38,3 		89 	16/11/2013 	0 	0 	0 	0 	0
FR1735138768 	56 	FOGGIA 	8768 	1 	10 	15,2 		51,4 	40,1 		74 	05/01/2013 	0 	0 	0 	0 	0
FR1735138771 	56 	FAUVETTE 	8771 	2 							  	10/10/2013 	0 	0 	0 	0 	0
FR1735138776 	56 	FRILEUSE 	8776 	1 	10 	13,4 		52 	39,3 		148 	25/01/2013 	0 	0 	0 	0 	0
FR1735138777 	56 	FIERTE 	8777 	2 							  	24/11/2013 	0 	0 	0 	0 	0
FR1735138778 	56 	FLUVIALE 	8778 	1 	10 	17,2 		49,3 	40,1 		169 	19/01/2013 	0 	0 	0 	0 	0
FR1735138780 	56 	GEORGIE 	8780 	1 	10 						  	22/01/2013 	0 	0 	0 	0 	0
FR1735138781 	56 	GUIMAUVE 	8781 	1 	10 						  	27/01/2013 	0 	0 	0 	0 	0
FR1735138783 	56 	GUIPURE 	8783 	1 	9 	16,2 		46,5 	34,6 		170 	14/02/2013 	0 	0 	0 	0 	0
FR1735138788 	56 	GERMANIE 	8788 	1 	2 	17,6 		44 	37,1 		340 	13/09/2013 	0 	0 	0 	0 	0
FR1735138790 	56 	GRAVURE 	8790 	1 							  	20/10/2013 	0 	0 	0 	0 	0
FR1735138797 	56 	GLIERE 	8797 	1 	1 	29,6 		43,3 	36,8 		168 	19/11/2013 	0 	0 	0 	0 	0
FR1735138801 	56 	GROZNYI 	8801 	1 	2 	30,6 		38,2 	32,8 		70 	30/09/2013 	0 	0 	0 	0 	0
FR1735138808 	56 	GRIVE 	8808 	1 	2 	20,2 	- 	36,4 	34,9 		45 	23/10/2013 	0 	0 	0 	0 	0
FR1735138811 	56 	GELA 	8811 	1 	1 	20,2 		42,4 	37,4 		888 	14/11/2013 	0 	0 	0 	0 	0
FR1735138815 	56 	GARONNE 	8815 	1 	1 	19,4 		40,4 	33 		1849 	20/11/2013 	0 	0 	0 	0 	0
FR1735138821 	56 	GALICE 	8821 	1 	1 	21 		35,9 	37,4 		516 	23/11/2013 	0 	0 	0 	0 	0
FR1735138825 	56 	GUYANNE 	8825 	1 	1 	25 		40,5 	34 		64 	14/11/2013 	0 	0 	0 	0 	0 